270,3
270,2
270,1
270,0
269,3
269,2
269,1
269,0
268,3
268,2
268,1
268,0
267,5
267,4
267,3
267,2
267,1
267,0
266,3
266,2
266,1
266,0
265,9
265,8
265,7
265,6
265,5
265,4
265,3
265,2
265,1
265,0
264,5
264,4
264,3
264,2
264,1
264,0
263,4
263,3
263,2
263,1
263,0
262,13
262,12
262,11
262,10
262,9
262,8
262,7
262,6
262,5
262,4
262,3
262,2
262,1
262,0
261,3
261,2
261,1
261,0
260,3
260,2
260,1
260,0
259,4
259,3
259,2
259,1
259,0
258,3
258,2
258,1
258,0
257,3
257,2
257,1
257,0
256,6
256,5
256,4
256,3
256,2
256,1
256,0
255,12
255,11
255,10
255,9
255,8
255,7
255,6
255,5
255,4
255,3
255,2
255,1
255,0
254,5
254,4
254,3
254,2
254,1
254,0
253,5
253,4
253,3
253,2
253,1
253,0
252,4
252,3
252,2
252,1
252,0
251,5
251,4
251,3
251,2
251,1
251,0
250,5
250,4
250,3
250,2
250,1
250,0
249,3
249,2
249,1
249,0
248,4
248,3
248,2
248,1
248,0
247,3
247,2
247,1
247,0
246,3
246,2
246,1
246,0
245,4
245,3
245,2
245,1
245,0
244,4
244,3
244,2
244,1
244,0
243,6
243,5
243,4
243,3
243,2
243,1
243,0
242,9
242,8
242,7
242,6
242,5
242,4
242,3
242,2
242,1
242,0
241,4
241,3
241,2
241,1
241,0
240,5
240,4
240,3
240,2
240,1
240,0
7,3
5,68
5,67
5,66
5,65
5,64
5,35
5,34
5,33
5,32
5,31
5,30
5,29
5,28
5,27
5,26
5,25
5,24
5,23
5,22
5,21
5,20
5,17
5,15
5,12
5,11
5,9
5,8
5,7
5,5
5,4
5,3
4,5
4,4
4,3
0,255
0,203
0,202
0,201
0,199
0,198
0,197
0,196
0,194
0,193
271,0
271,1
271,3
272,0
272,2
272,3
273,1
273,3
274,0
274,2
274,3
275,1
275,3
275,4
275,6
275,7
275,9
276,0
276,2
276,4
276,5
277,1
277,2
277,4
278,1
278,2
278,4
278,5
279,1
279,2
280,0
280,2
280,3
281,1
281,2
281,4
282,1
282,2
282,4
283,0
283,2
283,3
284,0
284,2
284,3
285,1
285,2
285,4
286,1
286,2
287,0
287,1
287,3
288,0
288,1
288,3
288,4
288,6
288,7
288,9
288,11
288,12
288,14
289,0
289,2
289,4
289,5
290,0
290,1
290,3
291,0
291,2
292,0
292,1
292,3
292,4
292,6
293,1
293,2
294,0
294,1
294,3
294,4
294,6
295,0
295,1
295,3
296,0
296,2
297,0
297,1
297,3
297,4
298,1
298,3
298,4
299,0
299,1
299,3
300,0
300,2
300,4
301,0
301,2
301,3
302,0
302,2
302,3
303,1
303,2
303,4
304,0
304,2
304,4
304,5
304,7
304,8
305,0
305,2
305,3
305,5
306,0
306,2
306,3
306,5
307,1
307,2
307,4
308,0
308,2
309,0
309,1
309,3
309,4
309,6
309,7
309,9
310,1
310,2
310,4
310,5
311,1
311,3
311,4
312,1
312,2
313,0
313,2
313,3
314,1
314,2
315,0
315,1
315,3
315,5
315,6
316,0
316,1
316,3
316,5
316,6
317,1
317,2
318,0
318,1
318,3
319,0
319,1
319,3
320,0
320,2
320,4
321,0
321,2
321,3
322,0
322,1
322,3
322,5
323,0
323,2
323,3
324,0
324,2
324,3
325,0
325,1
325,3
326,1
326,2
327,0
327,1
327,3
327,4
328,1
328,3
329,0
329,2
329,3
330,1
330,3
330,4
331,1
331,2
331,4
332,0
332,2
332,4
332,5
333,0
333,1
333,3
333,5
333,6
333,8
333,9
333,11
333,12
333,14
333,16
333,17
334,1
334,2
334,4
335,1
335,2
335,4
335,5
336,0
336,1
336,3
336,5
337,0
337,2
337,3
337,5
338,0
338,1
338,3
338,4
339,1
339,3
339,4
341,0
341,1
341,3
342,0
342,2
343,0
343,1
343,3
343,4
344,0
344,2
344,3
344,5
344,6
345,1
345,2
345,4
346,1
346,2
347,0
347,1
347,3
348,1
348,2
348,4
349,0
349,2
349,3
350,1
350,3
350,4
350,6
350,7
351,1
351,3
352,0
352,2
352,3
353,0
353,2
353,3
353,5
354,0
354,2
354,3
354,5
355,1
355,2
356,0
356,1
356,3
357,1
357,2
358,0
358,1
358,3
358,4
359,1
359,3
360,0
360,2
360,3
361,1
361,3
361,4
362,1
362,2
362,4
363,0
363,2
364,0
364,1
364,3
364,4
364,6
365,1
365,2
365,4
365,5
366,1
366,3
366,4
366,6
366,7
367,0
367,1
367,3
367,5
368,0
368,2
368,3
368,5
369,0
369,1
369,3
369,4
370,1
370,2
370,4
371,0
371,1
371,3
371,4
372,1
372,3
373,0
373,2
373,3
374,1
374,2
374,4
375,1
375,2
375,4
375,5
376,1
376,3
377,0
377,2
377,3
378,1
378,2
379,0
379,2
379,3
379,5
380,0
380,2
381,0
381,1
381,3
381,4
382,1
382,3
383,0
383,2
383,3
383,5
383,6
383,8
383,10
383,11
383,13
383,14
383,16
384,1
384,2
384,4
385,0
385,2
385,3
385,5
386,1
386,2
386,4
387,0
387,2
388,0
388,1
388,3
388,4
388,6
388,7
388,9
388,11
389,0
389,2
389,3
390,1
390,3
390,4
390,6
390,7
391,0
391,2
391,3
392,0
392,1
392,3
392,4
393,1
393,3
393,4
394,1
394,2
395,0
395,2
395,3
396,1
396,2
397,0
397,1
397,3
398,1
398,2
398,4
398,5
399,1
399,3
399,4
400,1
400,2
400,4
400,5
401,0
401,2
401,3
401,5
402,0
402,2
402,4
402,5
403,1
403,2
404,0
404,1
404,3
405,1
405,2
406,0
406,1
406,3
407,1
407,2
407,4
408,0
408,2
408,4
409,0
409,2
409,3
410,1
410,2
411,0
411,2
411,3
412,1
412,2
413,0
413,2
413,3
414,0
414,1
414,3
415,0
415,2
415,4
416,0
416,2
416,3
417,1
417,3
417,4
417,6
418,0
418,2
418,3
419,0
419,2
419,3
420,0
420,1
420,3
421,1
421,2
421,4
422,0
422,2
422,4
422,5
423,0
423,1
423,3
424,0
424,2
425,0
425,1
425,3
425,4
425,6
425,8
425,9
425,11
425,12
426,0
426,1
426,3
427,0
427,1
427,3
427,4
428,1
428,3
428,4
429,1
429,2
430,0
430,1
430,3
430,5
430,6
430,8
431,0
431,2
431,4
431,5
432,0
432,1
432,3
432,4
432,6
432,8
433,0
433,2
433,3
433,5
434,1
434,2
435,0
435,1
435,3
436,1
436,2
437,0
437,1
437,3
438,0
438,2
438,4
439,0
439,2
439,3
440,1
440,3
441,0
441,2
441,3
442,0
442,1
442,3
442,5
442,6
443,1
443,2
443,4
443,6
444,0
444,2
444,3
444,5
444,6
445,1
445,3
445,4
446,0
446,1
446,3
447,1
447,2
448,0
448,1
448,3
449,1
449,2
449,4
449,5
450,1
450,2
450,4
451,1
451,2
451,4
451,5
452,1
452,3
452,4
453,1
453,2
454,0
454,1
454,3
455,1
455,2
455,4
455,5
456,0
456,2
456,3
457,1
457,2
457,4
458,0
458,2
458,4
458,5
459,1
459,2
459,4
460,0
460,1
460,3
461,0
461,2
461,4
461,5
462,1
462,2
462,4
463,0
463,2
463,4
463,5
464,1
464,2
465,0
465,2
465,3
466,0
466,1
466,3
466,4
467,1
467,3
467,4
467,6
467,7
468,1
468,3
469,0
469,2
469,3
470,0
470,1
470,3
471,1
471,2
472,0
472,1
472,3
473,1
473,2
474,0
474,1
474,3
475,0
475,2
475,4
476,0
476,2
476,3
476,5
477,0
477,1
477,3
478,0
478,2
478,4
479,0
479,2
479,3
480,1
480,2
480,4
481,1
481,2
481,4
482,0
482,2
483,0
483,1
483,3
484,0
484,2
484,3
485,1
485,3
486,0
486,2
486,3
487,1
487,3
506,0
506,2
506,3
507,1
507,2
508,0
508,2
508,3
509,1
509,2
510,0
510,2
510,3
511,1
511,2
512,0
512,2
512,3
513,0
513,1
513,3
513,4
514,1
514,3
515,0
515,2
515,3
516,1
516,3
517,0
517,2
517,3
517,5
518,0
518,2
519,0
519,1
519,3
520,0
520,2
520,4
521,0
521,2
521,3
522,0
522,1
522,3
523,1
523,2
524,0
524,1
524,3
526,0
526,1
526,3
528,0
528,2
528,3
531,0
531,2
531,3
532,1
532,2
532,4
534,0
534,1
534,3
535,0
535,2
536,0
536,1
536,3
537,0
537,2
537,3
538,1
538,3
539,0
539,2
539,3
541,1
541,3
541,4
541,6
542,0
542,2
542,3
542,4
542,1
541,5
541,2
541,0
539,1
538,2
538,0
537,1
536,2
535,3
535,1
534,2
532,5
532,3
532,0
531,1
528,4
528,1
526,2
524,4
524,2
523,3
523,0
522,2
521,4
521,1
520,3
520,1
519,2
518,3
518,1
517,4
517,1
516,2
516,0
515,1
514,2
514,0
513,2
512,4
512,1
511,3
511,0
510,1
509,3
509,0
508,1
507,3
507,0
506,1
487,2
487,0
486,1
485,2
485,0
484,1
483,2
482,3
482,1
481,3
481,0
480,3
480,0
479,1
478,3
478,1
477,2
476,6
476,4
476,1
475,3
475,1
474,2
473,3
473,0
472,2
471,3
471,0
470,2
469,4
469,1
468,2
468,0
467,5
467,2
467,0
466,2
465,4
465,1
464,3
464,0
463,3
463,1
462,3
462,0
461,3
461,1
460,2
459,5
459,3
459,0
458,3
458,1
457,3
457,0
456,1
455,6
455,3
455,0
454,2
453,3
453,0
452,2
452,0
451,3
451,0
450,3
450,0
449,3
449,0
448,2
447,3
447,0
446,2
445,5
445,2
445,0
444,4
444,1
443,5
443,3
443,0
442,4
442,2
441,4
441,1
440,2
440,0
439,1
438,3
438,1
437,2
436,3
436,0
435,2
434,3
434,0
433,4
433,1
432,7
432,5
432,2
431,6
431,3
431,1
430,7
430,4
430,2
429,3
429,0
428,2
428,0
427,2
426,4
426,2
425,13
425,10
425,7
425,5
425,2
424,3
424,1
423,2
422,6
422,3
422,1
421,3
421,0
420,2
419,4
419,1
418,4
418,1
417,5
417,2
417,0
416,1
415,3
415,1
414,2
413,4
413,1
412,3
412,0
411,1
410,3
410,0
409,1
408,3
408,1
407,3
407,0
406,2
405,3
405,0
404,2
403,3
403,0
402,3
402,1
401,4
401,1
400,6
400,3
400,0
399,2
399,0
398,3
398,0
397,2
396,3
396,0
395,1
394,3
394,0
393,2
393,0
392,2
391,4
391,1
390,8
390,5
390,2
390,0
389,1
388,10
388,8
388,5
388,2
387,3
387,1
386,3
386,0
385,4
385,1
384,3
384,0
383,15
383,12
383,9
383,7
383,4
383,1
382,2
382,0
381,2
380,3
380,1
379,4
379,1
378,3
378,0
377,1
376,2
376,0
375,3
375,0
374,3
374,0
373,1
372,2
372,0
371,2
370,5
370,3
370,0
369,2
368,6
368,4
368,1
367,4
367,2
366,8
366,5
366,2
366,0
365,3
365,0
364,5
364,2
363,3
363,1
362,3
362,0
361,2
361,0
360,1
359,2
359,0
358,2
357,3
357,0
356,2
355,3
355,0
354,4
354,1
353,4
353,1
352,4
352,1
351,2
351,0
350,5
350,2
350,0
349,1
348,3
348,0
347,2
346,3
346,0
345,3
345,0
344,4
344,1
343,5
343,2
342,3
342,1
341,2
339,5
339,2
339,0
338,2
337,6
337,4
337,1
336,4
336,2
335,6
335,3
335,0
334,3
334,0
333,15
333,13
333,10
333,7
333,4
333,2
332,6
332,3
332,1
331,3
331,0
330,2
330,0
329,1
328,2
328,0
327,2
326,3
326,0
325,2
324,4
324,1
323,4
323,1
322,4
322,2
321,4
321,1
320,3
320,1
319,2
318,4
318,2
317,3
317,0
316,4
316,2
315,7
315,4
315,2
314,3
314,0
313,1
312,3
312,0
311,2
311,0
310,3
310,0
309,8
309,5
309,2
308,3
308,1
307,3
307,0
306,4
306,1
305,4
305,1
304,9
304,6
304,3
304,1
303,3
303,0
302,1
301,4
301,1
300,3
300,1
299,2
298,5
298,2
298,0
297,2
296,3
296,1
295,2
294,7
294,5
294,2
293,3
293,0
292,5
292,2
291,3
291,1
290,2
289,6
289,3
289,1
288,13
288,10
288,8
288,5
288,2
287,4
287,2
286,3
286,0
285,3
285,0
284,1
283,4
283,1
282,3
282,0
281,3
281,0
280,1
279,3
279,0
278,3
278,0
277,3
277,0
276,3
276,1
275,8
275,5
275,2
275,0
274,1
273,2
273,0
272,1
271,2
0,204
0,200
0,195
0,63
0,50
1,45
3,44
2,44
1,44
3,43
2,43
1,43
3,42
2,42
1,42
3,41
2,41
1,41
3,40
2,40
1,40
3,39
2,39
1,39
3,38
2,38
1,38
3,37
2,37
1,37
3,36
2,36
1,36
3,35
2,35
1,35
3,34
2,34
1,34
3,33
2,33
1,33
3,32
2,32
1,32
3,31
2,31
1,31
3,30
2,30
1,30
3,29
2,29
1,29
3,28
2,28
1,28
3,27
2,27
1,27
3,26
2,26
1,26
3,25
2,25
1,25
3,24
2,24
1,24
3,23
2,23
1,23
3,22
2,22
1,22
3,21
2,21
1,21
3,20
2,20
1,20
3,19
2,19
1,19
3,18
2,18
1,18
3,17
2,17
1,17
3,16
2,16
1,16
3,15
2,15
1,15
3,14
2,14
1,14
3,13
2,13
1,13
3,12
2,12
1,12
3,11
2,11
1,11
3,10
2,10
1,10
3,9
2,9
1,9
3,8
2,8
1,8
3,7
2,7
1,7
3,6
2,6
1,6
3,5
2,5
1,5
3,4
2,4
1,4
3,3
3,0
2,3
2,0
1,3
1,0
0,6
0,0
0,47
0,46
0,49
0,48
0,45
0,61
0,12
0,254
0,10
0,62
0,8
0,192
0,11
0,5
0,7
0,4
0,3
